%YAML:1.0
---
model_type: PINHOLE
camera_name: camera
image_width: 640
image_height: 360
distortion_parameters:
   k1: -0.3055761837276677
   k2: 0.09033429485226632
   p1: 0.002145683671609047
   p2: 0.0021931619479107264
projection_parameters:
   fx: 374.04737556612093
   fy: 373.34927497453725
   cx: 312.5277460232334
   cy: 176.8769863994969

# [LEFT_CAM_VGA]
# fx=386.8775
# fy=386.88
# cx=336.5325
# cy=187.3865
# k1=-0.0385745
# k2=0.0334996
# k3=-0.0232023
# k4=0.0102868
