%YAML:1.0
---
model_type: PINHOLE
camera_name: camera
image_width: 640
image_height: 360
distortion_parameters:
   k1: -0.3016365406336981
   k2: 0.08470997170188158
   p1: 0.002062701337088763
   p2: 0.0011455721593192773
projection_parameters:
   fx: 372.75692501549696
   fy: 372.5259819216419
   cx: 307.608210828161
   cy: 177.36098423175716

# [RIGHT_CAM_VGA]
# fx=385.6125
# fy=385.54
# cx=336.0575
# cy=185.80475
# k1=-0.0379398
# k2=0.0332793
# k3=-0.0277686
# k4=0.014605