%YAML:1.0
---
model_type: PINHOLE
camera_name: camera
image_width: 672
image_height: 376
distortion_parameters:
   k1: -0.0385745
   k2: 0.0334996
   p1: -0.0232023
   p2: 0.0102868
projection_parameters:
   fx: 386.8775
   fy: 386.88
   cx: 336.5325
   cy: 187.3865

# [LEFT_CAM_VGA]
# fx=386.8775
# fy=386.88
# cx=336.5325
# cy=187.3865
# k1=-0.0385745
# k2=0.0334996
# k3=-0.0232023
# k4=0.0102868
