%YAML:1.0
---
model_type: PINHOLE
camera_name: camera
image_width: 672
image_height: 376
distortion_parameters:
   k1: -0.31110413639826895
   k2: 0.09652954161575274
   p1: 0.002509427782776108
   p2: 0.00016636911152030079
projection_parameters:
   fx: 370.9562657032242
   fy: 371.5780689062979
   cx: 338.84818389107704
   cy: 185.6122914658093

# [LEFT_CAM_VGA]
# fx=386.8775
# fy=386.88
# cx=336.5325
# cy=187.3865
# k1=-0.0385745
# k2=0.0334996
# k3=-0.0232023
# k4=0.0102868
