%YAML:1.0
---
model_type: PINHOLE
camera_name: camera
image_width: 672
image_height: 376
distortion_parameters:
   k1: -0.31080032018648823
   k2: 0.09393628612266812
   p1: 0.0019073362372420634
   p2: -0.0012899242188453778
projection_parameters:
   fx: 369.88111267778135
   fy: 370.1321283471997
   cx: 337.3532938767481
   cy: 186.48260344730994

# [RIGHT_CAM_VGA]
# fx=385.6125
# fy=385.54
# cx=336.0575
# cy=185.80475
# k1=-0.0379398
# k2=0.0332793
# k3=-0.0277686
# k4=0.014605