%YAML:1.0
---
model_type: PINHOLE
camera_name: camera
image_width: 848
image_height: 480
distortion_parameters:
   k1: 0.0
   k2: 0.0
   p1: 0.0
   p2: 0.0
projection_parameters:
   fx: 425.0578479458233
   fy: 428.63198014263145
   cx: 426.1606423631807
   cy: 239.6957123746679

