%YAML:1.0
---
model_type: PINHOLE
camera_name: camera
image_width: 640
image_height: 480
distortion_parameters:
   k1: 0.0
   k2: 0.0
   p1: 0.0
   p2: 0.0

projection_parameters:
   fx: 392.19909447455063
   fy: 392.8606286564851
   cx: 322.695635947241
   cy: 239.91113928494192






#   fx: 602.6016208371104
#   fy: 604.1884176296056
#   cx: 647.432435279086
#   cy: 354.6986568764138

   # projection_parameters:
   # fx: 640.6359252929688
   # fy: 640.6359252929688
   # cx: 642.9937744140625
   # cy: 359.1917724609375


#   distortion_coeffs: [0.40739215732899364, -0.7030024881787899, 2.6939493236747367, -2.906968919638256]
#   distortion_model: equidistant
#   intrinsics: [602.6016208371104, 604.1884176296056, 647.432435279086, 354.6986568764138]
